min_range: .120
max_range: 3.5
angle_min: 0
angle_max: 6.2831853
angle_increment: 0.0174533